# see "template_amp_phase()" in ansatz.py; columns are nu4, nu5, nu6
1.424611128478407152e-01 7.744065071270754552e-03 2.457964923961644590e-03 3.180267310572645889e-02
9.012121065824690858e-02 7.642996689213556877e-03 5.390157363798340866e-03 -1.087314928345453069e-01
1.213672676424645686e-01 4.017616869753672625e-03 2.495553973160801690e-03 1.212491365360653106e-02
1.019755808140889730e-01 4.344724449434490821e-03 1.987101462965811319e-03 2.988959899720181057e-02
8.980078478092733130e-02 6.528338568693581442e-04 1.675513315458138346e-03 2.532903491120094136e-02
9.736572853193323218e-02 6.528894045627699899e-03 2.981269957595288154e-03 -6.856445686026556297e-02
1.101773227628294466e-01 7.081837655627893670e-03 5.743127747525545584e-03 -3.152168914611687411e-02
6.970026038946500191e-02 1.930315322223071081e-03 1.669461263112319814e-03 1.369994215104586577e-01
9.228420102576213868e-02 7.746074495764644109e-03 2.473698177396011812e-03 -7.451278262081748038e-02
7.360710767963069001e-02 8.846406226603954802e-04 1.621514802461818680e-03 -3.159344601835248432e-03
9.260123947899495667e-02 9.653306751407950137e-03 4.841091495892748363e-03 -5.083112757684091904e-02
1.672477353402615219e-01 2.060926927731169048e-02 5.750548602164869474e-03 -7.521842897626548341e-01
4.302538392354105651e-02 7.763815585891702641e-03 8.881619496235336128e-04 -2.569647774684124530e-01
1.435247446156749929e-01 9.713722030971759167e-03 6.682605730323322099e-03 -9.852862029754060752e-03
7.599160763568951760e-02 7.694477566567935710e-04 1.480087249806259168e-03 1.075978659072992019e-02
1.762959825649986767e-01 1.048458958156284551e-02 3.907982587136367252e-03 -3.090067533619873519e-01
7.458649739999406725e-02 1.641961859739153248e-02 3.815033915153041681e-03 -5.356683799502646171e-01
8.325427169014337769e-02 2.405513775034596579e-03 5.291529253551788617e-03 1.820210766198827532e-02
1.452265826165024531e-01 1.229532067725153284e-02 4.175412386965476029e-03 -2.917976007040649078e-01
8.625789184971675849e-02 6.059081467941336736e-03 2.939773308925613515e-03 -3.880288454634112094e-02
-6.987894841972724751e-03 1.009163066634340307e-02 5.429612427160400911e-04 -4.038485212640889888e-01
2.038737607673438978e-01 1.327112344778099383e-02 3.886556151332692683e-03 -4.859397862275496860e-01
2.306551195468551640e-01 1.560683655028039137e-02 5.059842529387320598e-03 -2.792984615851558106e-01
-3.072500501488085317e-02 1.065201300602999085e-03 -1.115040903113633224e-03 -1.264349744371000284e-02
1.645938606348278932e-01 2.385373617879684577e-02 4.916052612868194310e-03 -5.986824256575008496e-01
9.429027082278051974e-02 5.383298290147191766e-03 2.560450955057998537e-03 1.185292277657809118e-01
6.732491459657523325e-02 3.802238389303715018e-03 1.119925169171723418e-03 7.207467239972283057e-02
1.328973360058715025e-01 3.176325034859629206e-04 2.213676338894212531e-03 1.406811304354633196e-01
7.898303669115086523e-02 1.398138700677948763e-03 1.616267795526106586e-03 -1.974535832169398500e-02
1.658934588870630833e-02 1.892492452898751230e-03 -5.214072221329578514e-04 -8.105782230663285959e-02
1.261716347068357613e-01 6.561687177668813547e-04 2.435096254164906444e-03 6.853521497771623838e-02
5.783819590621001872e-02 1.299183042361137580e-03 1.107718178476200122e-03 -7.461180128574296244e-02
3.840533130125876188e-02 1.919360372450206473e-03 6.766589583049033253e-04 5.572377091358852660e-03
1.435678251062842969e-01 5.023717933407926065e-03 2.635953345240679268e-03 -1.758283227471634435e-03
6.855278498686319388e-02 8.444782944515226951e-04 1.246874976196554177e-03 -4.762301747644066829e-02
3.669421096839783902e-02 2.028840102495359059e-03 6.367115739425863652e-04 -9.005070137830900601e-02
-2.383859925244636094e-02 3.273153642533659525e-03 -1.626777775399307520e-03 -1.343946922266542332e-01
1.013336682460197757e-01 8.968933958150209027e-04 1.920234051072949302e-03 7.498593721128969658e-02
1.658019995709353878e-01 8.583912002642187650e-03 2.679274857720443867e-03 -7.498219017543739096e-02
2.014269753597267704e-02 2.464160465389200771e-04 5.805551571758308499e-05 2.120869659186020717e-01
