# see "template_amp_phase())" in ansatz.py; columns are nu4, nu5, nu6
1.040604881915476176e-01 8.433136735825760497e-03 1.907923364167623311e-03 -1.280528851297692561e-01
2.089214351739258901e-02 8.146673830503785643e-03 -3.177357920137977108e-03 -2.318578975988279944e-01
7.806387517706135648e-02 3.809803608397182521e-03 3.705307331204827693e-04 -8.478786547313474364e-02
6.672422941424344112e-02 4.585443899949589487e-03 1.234996105186597637e-03 -3.530979972181619297e-02
6.650775169293886291e-02 6.535266214416884500e-04 5.492652249787461976e-04 -1.918045043300285052e-02
5.116999481396715399e-02 5.858231391302722198e-03 2.750036126116895763e-04 -2.148217637191155716e-01
1.347322682798123006e-01 7.666467507877918267e-03 9.099987398225593480e-03 5.566487328249464239e-03
4.197025264771676173e-02 2.026915587153518307e-03 4.023607804995595581e-04 7.751697257604892033e-02
6.366615519763604847e-02 8.038406435737993974e-03 1.551211769553167540e-03 -1.379468355617012032e-01
5.083779932121722245e-02 2.304913311309866300e-04 7.661752465032377595e-04 -8.830369538048231381e-02
6.713545878127807898e-02 1.067451406044645813e-02 4.513020000358005691e-03 -1.148417542712344003e-01
1.322466417378550252e-01 2.107004420675547690e-02 4.666423030116666378e-03 -9.683003119199529163e-01
9.084105485618154674e-02 8.011328331258780674e-03 4.381347986394506719e-03 -1.558534461131955429e-01
1.350593753743102865e-01 1.052452909928940430e-02 7.790438731928903127e-03 -3.528666713876527083e-02
5.057120328654020336e-02 9.061041552478449855e-04 4.893005423128737744e-04 -2.937869066302147350e-02
1.387081018224947948e-01 1.024508289290394433e-02 2.787373505450363963e-03 -4.418259846163041793e-01
1.245778391053266321e-01 1.972497648375091256e-02 9.377033009564762073e-03 -3.960722566794146471e-01
5.199262692684553794e-02 3.793062950009983263e-03 5.734678396291509155e-03 -1.701189124904751993e-01
1.719536184584280758e-01 1.308691673814100023e-02 6.103139807312962621e-03 -1.908824164799367840e-01
8.504000644791241681e-02 6.279705738707336629e-03 3.253503196273800201e-03 -1.245361957077763780e-02
-2.750065542388906506e-02 1.433274514696446060e-02 4.429731007806266170e-03 -5.756191470808929012e-01
1.635679972572104401e-01 1.342328241925669526e-02 2.014751047738807220e-03 -6.411753476228992943e-01
2.174711601543095618e-01 1.687943482597671283e-02 5.753830709989970170e-03 -4.111773888001184485e-01
-4.141111420814744259e-02 1.175771386678559982e-03 -1.546297111746949664e-03 -3.598773669888759991e-02
1.358411262869793912e-01 2.550045969021751471e-02 4.651891179644101690e-03 -6.218867610608428409e-01
6.025022219276802982e-02 5.741654591086573466e-03 1.712318485254258000e-03 5.285818951248099501e-02
4.053256181454011758e-02 4.019401892637717785e-03 2.516134375209914194e-04 -1.057981197898433950e-02
9.180611897804072385e-02 -5.208210474426166548e-04 -3.853828879568252331e-04 8.930780930992514299e-02
5.493268893351201804e-02 1.469093236416671487e-03 7.241761461504949045e-04 -6.255757382290932922e-02
-6.074938714326266059e-02 9.719012158814755581e-03 -1.314658732732695281e-03 -3.425956822243190203e-01
9.394642241454281839e-02 5.643363071279406187e-04 5.237494528283706150e-04 5.167801108083537598e-02
-1.237484537648687322e-01 2.737798242832469465e-03 -1.126681079977732806e-02 -2.846519781991859732e-01
2.185462129814867357e-02 1.793006883373666517e-03 -4.263025971590944023e-04 3.293431368822691968e-02
1.011574397709764234e-01 4.725739528093611010e-03 4.140148727611512561e-04 -1.775355859550745707e-01
4.617955227189987633e-02 6.851433358692091092e-04 -1.618373426475227573e-04 -6.664080446963843718e-02
3.467553238060876869e-02 2.100125381256761400e-03 5.201922328659713476e-04 -7.186992806718060789e-02
-1.269139915850243938e-02 3.328412292133615686e-03 -6.459605038116729924e-05 -1.411051537844593695e-01
7.444784947244757756e-02 5.374901879564711934e-04 1.043988040120518812e-04 8.793462575335728171e-02
-3.262379543342314725e-01 9.120602206599279574e-03 -1.876258912516441321e-02 -9.730492827686096913e-01
-9.869039913169534370e-03 1.158782309540011399e-04 -1.933718095096682551e-03 2.155065051490878403e-01
