# see "issues/3_collect_metadata.py"; columns are theta, m1, m2, eta, delta, chi_eff, chi_p, chi1, chi2
9.023457256853065189e+01 6.666699999700003154e-01 3.333300000299997401e-01 2.222211111100001191e-01 3.333399999400005753e-01 -2.183446902391370740e-03 7.999718506313877597e-01 -3.275153977964546416e-03 0.000000000000000000e+00
3.015318260150974439e+01 8.888893333320000423e-01 1.111106666679999994e-01 9.876508642059260434e-02 7.777786666640000846e-01 3.074419583171105197e-01 2.009241560284497630e-01 3.458720301712530643e-01 0.000000000000000000e+00
6.008914582348212718e+01 6.666689999860000437e-01 3.333310000139999008e-01 2.222214444436666769e-01 3.333379999720001430e-01 1.329716330800920221e-01 3.467139124043763232e-01 1.994567515256962797e-01 0.000000000000000000e+00
1.201877100447373294e+02 6.666699999700003154e-01 3.333300000299997401e-01 2.222211111100001191e-01 3.333399999400005753e-01 -2.681722017541799952e-01 6.914866382385984611e-01 -4.022562913679145202e-01 0.000000000000000000e+00
6.000670194987833383e+01 5.000029999820000404e-01 4.999970000179999041e-01 2.499999999910000881e-01 5.999964000136248643e-06 9.997795317772759094e-02 3.464252857432580379e-01 1.999547066344137258e-01 0.000000000000000000e+00
3.010186595229101769e+01 8.000009999949999617e-01 1.999990000049999828e-01 1.599994000019999973e-01 6.000019999899999235e-01 2.768401964231821943e-01 2.006131173282399149e-01 3.460498129688743818e-01 0.000000000000000000e+00
1.202606956663765203e+02 8.888893333320000423e-01 1.111106666679999994e-01 9.876508642059260434e-02 7.777786666640000846e-01 -1.791758358166124776e-01 3.454942221612282705e-01 -2.015727145076341431e-01 0.000000000000000000e+00
1.501043818276989725e+02 8.000009999949999617e-01 1.999990000049999828e-01 1.599994000019999973e-01 6.000019999899999235e-01 -2.774162791896676028e-01 1.993662579140022817e-01 -3.467699155268574307e-01 0.000000000000000000e+00
6.017893666600120639e+01 8.000009999949999617e-01 1.999990000049999828e-01 1.599994000019999973e-01 6.000019999899999235e-01 1.591318286084949518e-01 3.470284746305279389e-01 1.989145371186905042e-01 0.000000000000000000e+00
3.002875566076878044e+01 5.000044999595004702e-01 4.999955000404996963e-01 2.499999999797503925e-01 8.999919000773902138e-06 3.463006830913702427e-01 4.003335878611350429e-01 6.925951328826441822e-01 0.000000000000000000e+00
6.026586528876054416e+01 8.888893333320000423e-01 1.111106666679999994e-01 9.876508642059260434e-02 7.777786666640000846e-01 1.763458301664281302e-01 3.473318967975229654e-01 1.983889597430493479e-01 0.000000000000000000e+00
3.030520749752516707e+01 8.888898888808890453e-01 1.111101111191110519e-01 9.876465432620985807e-02 7.777797777617779795e-01 6.139272584382843290e-01 4.036776484743051507e-01 6.906673887484734431e-01 0.000000000000000000e+00
1.203632762640971805e+02 8.000019999800001003e-01 1.999980000199997887e-01 1.599988000079999584e-01 6.000039999600004226e-01 -3.235004747477688847e-01 6.902530560657483827e-01 -4.043745825083640555e-01 0.000000000000000000e+00
9.030516687338626980e+01 8.888893333320000423e-01 1.111106666679999994e-01 9.876508642059260434e-02 7.777786666640000846e-01 -1.893727500120977614e-03 3.999916531785279172e-01 -2.130442372418109125e-03 0.000000000000000000e+00
1.500489055844892334e+02 5.000044999595004702e-01 4.999955000404996963e-01 2.499999999797503925e-01 8.999919000773902138e-06 -3.465713139471088833e-01 3.993940216858692382e-01 -6.931363897228537407e-01 0.000000000000000000e+00
3.009594768817006383e+01 6.666699999700003154e-01 3.333300000299997401e-01 2.222211111100001191e-01 3.333399999400005753e-01 4.614219484759990997e-01 4.011480177769112809e-01 6.921294620978336587e-01 0.000000000000000000e+00
9.061992501766675900e+01 8.888898888808890453e-01 1.111101111191110519e-01 9.876465432620985807e-02 7.777797777617779795e-01 -7.693753086015438052e-03 7.999388697990187369e-01 -8.655462484449970642e-03 0.000000000000000000e+00
1.501477030028454465e+02 8.888893333320000423e-01 1.111106666679999994e-01 9.876508642059260434e-02 7.777786666640000846e-01 -3.083753650936100765e-01 1.991049020086817778e-01 -3.469221122697755955e-01 0.000000000000000000e+00
9.039686679087742505e+01 8.000019999800001003e-01 1.999980000199997887e-01 1.599988000079999584e-01 6.000039999600004226e-01 -4.432911859115426685e-03 7.999612508679456724e-01 -5.541125971217882203e-03 0.000000000000000000e+00
9.019633645068562089e+01 8.000009999949999617e-01 1.999990000049999828e-01 1.599994000019999973e-01 6.000019999899999235e-01 -1.096532991167115719e-03 3.999918750859368655e-01 -1.370664525636804435e-03 0.000000000000000000e+00
1.205128460726137405e+02 8.888898888808890453e-01 1.111101111191110519e-01 9.876465432620985807e-02 7.777797777617779795e-01 -3.610474932009091198e-01 6.891999689186569800e-01 -4.061779729044587839e-01 0.000000000000000000e+00
3.019207204239508613e+01 8.000019999800001003e-01 1.999980000199997887e-01 1.599988000079999584e-01 6.000039999600004226e-01 5.531680084879690984e-01 4.023102546808762225e-01 6.914582819815426884e-01 0.000000000000000000e+00
6.035353053509575005e+01 8.000019999800001003e-01 1.999980000199997887e-01 1.599988000079999584e-01 6.000039999600004226e-01 3.165667919818933029e-01 6.952576184510277368e-01 3.957075007185074100e-01 0.000000000000000000e+00
1.501351264942860553e+02 6.666699999700003154e-01 3.333300000299997401e-01 2.222211111100001191e-01 3.333399999400005753e-01 -4.624969793224373293e-01 3.983535960212356564e-01 -6.937420003048725414e-01 0.000000000000000000e+00
6.053837769893711140e+01 8.888887777785554611e-01 1.111112222214444417e-01 9.876551851790123238e-02 7.777775555571111443e-01 3.497482912399268451e-01 6.965385319373660344e-01 3.934668768279330209e-01 0.000000000000000000e+00
1.201757973411989155e+02 8.000009999949999617e-01 1.999990000049999828e-01 1.599994000019999973e-01 6.000019999899999235e-01 -1.608479318646339473e-01 3.457909900991616436e-01 -2.010596635074696770e-01 0.000000000000000000e+00
9.011681091660274490e+01 6.666689999860000437e-01 3.333310000139999008e-01 2.222214444436666769e-01 3.333379999720001430e-01 -5.436526405914560113e-04 3.999906501415481652e-01 -8.154761067379354220e-04 0.000000000000000000e+00
3.000444796340031672e+01 5.000029999820000404e-01 4.999970000179999041e-01 2.499999999910000881e-01 5.999964000136248643e-06 1.731941201028185107e-01 2.000219994432104187e-01 3.463861619011354698e-01 0.000000000000000000e+00
1.200590704194163436e+02 5.000044999595004702e-01 4.999955000404996963e-01 2.499999999797503925e-01 8.999919000773902138e-06 -2.003517494533847698e-01 6.923830739850043159e-01 -4.006998926401921790e-01 0.000000000000000000e+00
1.502857991161119742e+02 8.888898888808890453e-01 1.111101111191110519e-01 9.876465432620985807e-02 7.777797777617779795e-01 -6.175958201045077534e-01 3.965320601318972904e-01 -6.947945159799937542e-01 0.000000000000000000e+00
1.500130347903771906e+02 5.000029999820000404e-01 4.999970000179999041e-01 2.499999999910000881e-01 5.999964000136248643e-06 -1.732247199067501187e-01 1.999164019775647172e-01 -3.464473611418054655e-01 0.000000000000000000e+00
6.004074767594563156e+01 5.000044999595004702e-01 4.999955000404996963e-01 2.499999999797503925e-01 8.999919000773902138e-06 1.997480170978039316e-01 6.930790489296898560e-01 3.994924387960173129e-01 0.000000000000000000e+00
1.200862481721430441e+02 6.666689999860000437e-01 3.333310000139999008e-01 2.222214444436666769e-01 3.333379999720001430e-01 -1.336786679652169074e-01 3.461019240322175117e-01 -2.005173001414857215e-01 0.000000000000000000e+00
3.003953074804797652e+01 6.666689999860000437e-01 3.333310000139999008e-01 2.222214444436666769e-01 3.333379999720001430e-01 2.308439864363784899e-01 2.002347205234475402e-01 3.462647677351521902e-01 0.000000000000000000e+00
9.004104911853008275e+01 5.000029999820000404e-01 4.999970000179999041e-01 2.499999999910000881e-01 5.999964000136248643e-06 -1.432859000379435826e-04 3.999904001727974112e-01 -2.865700806657196439e-04 0.000000000000000000e+00
9.007059874905077379e+01 5.000044999595004702e-01 4.999955000404996963e-01 2.499999999797503925e-01 8.999919000773902138e-06 -4.928591896499038595e-04 7.999712007775814371e-01 -9.857095079940775533e-04 0.000000000000000000e+00
1.502128745463694202e+02 7.999994000071999345e-01 2.000005999928000933e-01 1.600003599953200573e-01 5.999988000143998690e-01 -5.554288102072937328e-01 3.974144956236678183e-01 -6.942865334677686961e-01 0.000000000000000000e+00
1.200392068460367341e+02 5.000029999820000404e-01 4.999970000179999041e-01 2.499999999910000881e-01 5.999964000136248643e-06 -1.001166901582818958e-01 3.462648895927894488e-01 -2.002321789306985567e-01 0.000000000000000000e+00
6.014887558751307495e+01 6.666699999700003154e-01 3.333300000299997401e-01 2.222211111100001191e-01 3.333399999400005753e-01 2.654594960087682809e-01 6.938378224049953635e-01 3.981872530948051825e-01 0.000000000000000000e+00
1.500630667274415657e+02 6.666689999860000437e-01 3.333310000139999008e-01 2.222214444436666769e-01 3.333379999720001430e-01 -2.310832326748314125e-01 1.996148573017234584e-01 -3.466236358368007808e-01 0.000000000000000000e+00
