# see "template_amp_mrd()" in ansatz.py; columns are mu1, mu2, mu4
-2.052402493298995795e-02 -7.049802725490242458e-05 6.462228863238050902e-03
-8.868207968419337950e-02 1.195810819948692986e-03 -3.819445556295280111e-03
-2.316786484355451980e-01 3.856026111190326831e-04 -6.726658963458191642e-03
1.666245234070689099e-02 -3.420969353115906682e-04 9.208142941305313967e-03
-2.199134815487892025e-01 -1.194550186758527649e-03 -8.208992568878088758e-03
-4.186122110697394483e-01 4.246071016360649514e-03 -1.997294298328341697e-02
2.102104010548349888e-01 1.709578743579425473e-03 7.758579925442800340e-03
7.999763537107321132e-02 2.320861145599022440e-03 7.346841769889724677e-03
-1.217821713916187876e-01 1.603223304899248835e-04 2.346419551466208994e-04
-3.308999045322534860e-01 3.274020763019938347e-03 -3.468731500131062850e-02
5.735175053702012277e-02 1.531688173131241781e-03 5.262569586156939754e-03
-2.887906994867247557e-01 -5.556361908286625278e-04 -2.023927814661632605e-04
1.462258403380334026e-01 1.232621202994812733e-03 1.039245067322645127e-02
1.410291659577481427e-01 1.142341263135975742e-03 9.143086687153434769e-03
-6.843253218930991921e-02 -1.128854819819115471e-03 1.235811100271021895e-02
-3.909315288328460425e-01 1.489880806619099272e-03 -3.149917019041034022e-02
2.317288655610058035e-01 3.029987722199808681e-03 1.120626749824661650e-02
3.985040302251440236e-01 4.753231840738578705e-03 5.783047644023413952e-03
3.389746324056021332e-02 -6.757292248808678551e-04 1.208907887198818615e-02
2.948154460182792619e-02 3.379385947999030454e-04 5.242373431474946742e-03
1.839871542676267402e-01 1.727096852450227390e-03 4.648590038959494672e-03
-3.725371142162332005e-01 1.025155531240829355e-03 -1.576474013397949694e-02
-1.317518104099365261e-01 -1.400158557152424979e-03 9.175407760785901298e-03
3.785614133658541519e-02 8.108100795972763859e-04 9.843262034300980651e-03
-7.601854707977484527e-02 -7.463816433687776950e-04 1.608496143227346881e-02
6.874646872903894534e-02 1.070173670500520558e-03 7.402944456245054601e-03
-8.834284681730873723e-02 -4.915847743893753119e-04 1.898049117605287231e-03
-4.227568663592288778e-01 -6.700171021272881451e-04 -2.704575943140523353e-02
-4.924191997852617186e-02 -1.099123197615007501e-03 6.369708898615376522e-03
2.771019850380726512e-01 3.572201980783307976e-03 7.176172028267485334e-03
-1.924810624977426332e-01 -3.339044331913453532e-03 1.360627158599886366e-02
-1.516211175608232764e-01 -2.121032290642195766e-04 -7.832259142106045083e-03
-1.095257335188023345e-01 -5.253358603981435034e-04 4.477531818273209480e-03
-5.366622236892829578e-01 2.998867396665284932e-03 -2.903559928578574451e-02
-1.542062638034841782e-01 -1.433243428881505240e-03 -7.644514600947811519e-04
-7.037266719321387531e-02 -7.777944693703119864e-04 8.427393872373721692e-04
1.533629764846737853e-01 2.195771595633718137e-03 7.147632349449924843e-03
-1.307892624173225826e-01 -1.705695318563461545e-03 4.860491892140751669e-03
-1.356579493319631791e-01 -3.425404838500096562e-04 -8.758277654487723208e-04
-4.774139502314516670e-01 5.309875577431612433e-03 -3.997578670330523623e-03
