-8.886741192577173933e+02 2.887170509160341680e-01 -4.343957721519109327e+01 -1.200399929903824159e+00 1.129841380025300879e+00
-1.016817530364060076e+03 3.040826613893159447e-01 3.580394506760057993e+00 -1.202230506378327846e+00 1.013266588430624893e+00
-8.618539341851137578e+02 3.246987909682275131e-01 -1.398056381600326858e+02 -1.156772213762110368e+00 1.202361203796183275e+00
-1.146126890461964649e+03 3.300596301494351792e-01 -3.453750178539485205e+01 -1.209489647709574456e+00 1.026047732174856897e+00
-9.046087223599170102e+02 2.255502372365754127e-01 1.242539522847800981e+01 -1.094168165274822968e+00 1.024175882629229761e+00
-1.600224194889393402e+03 2.910870319232117254e-01 1.337320138674112968e+02 -9.122970866227433362e-01 1.102779333468815182e+00
-6.461972150482179131e+02 1.717447495072974561e-01 -8.985784044096362777e+00 -1.041063139096763734e+00 1.003221346975820438e+00
-6.637643365795811405e+02 2.435555648643230597e-01 -3.205183278431650251e+01 -1.153329080255730332e+00 9.968383454823941392e-01
-1.076293385998826125e+03 2.690360479324453991e-01 7.524625155536341481e+00 -1.110196706825263391e+00 1.021561959054792190e+00
-1.047739168348518433e+03 2.763742731186766832e-01 -5.789763405235134996e+00 -1.163619908035116168e+00 1.027294600094815102e+00
-1.806024863576880307e+03 2.551230398011057332e-01 1.127795875563751906e+02 -9.351470388348843699e-01 9.894629286740563856e-01
-6.481536460049828747e+02 2.079315001788017980e-01 -8.853660760287311859e+00 -1.126733640729753461e+00 9.791657915190512540e-01
-1.146921959005252575e+03 2.994356671295008709e-01 5.978522237700235564e+01 -1.144038007550079783e+00 1.001930809211481588e+00
-9.513222490942862350e+02 2.705908770226415072e-01 1.269194388242613059e+01 -1.196289903563069856e+00 1.023364844534360607e+00
-5.249301129552186467e+02 2.151855346641013966e-01 -7.337517276281141676e+01 -1.225462981145710728e+00 1.080406062432590630e+00
-5.007196478956029750e+02 2.547328438398608341e-01 -7.081359319605689961e+01 -1.216500602176552093e+00 9.868362272880792929e-01
-9.627622458713012747e+02 3.153648918290627989e-01 2.764059548659133725e+00 -1.164209496856983606e+00 1.009710921334872502e+00
-2.778074401416713954e+03 4.570484153537108796e-01 1.338081470745091792e+02 -1.230717641074875246e+00 1.070300414875172024e+00
-9.395649633021530462e+02 2.512279607951768412e-01 -4.211743438878329471e+01 -1.177929720201859709e+00 1.054069226674480220e+00
-7.656105433125485433e+02 2.727046823563341604e-01 -1.843129989148292225e+01 -1.196100395133044003e+00 1.004736988762152450e+00
-2.006682199678092729e+03 3.139735136168155805e-01 9.442179130972363055e+01 -1.335968380856570548e+00 1.206966877346525635e+00
-1.567167382799612824e+03 3.459047502094563242e-01 -1.862284044796251692e+01 -1.071893530088118496e+00 1.118431999268527655e+00
-9.286629620966559742e+02 2.541829502314385536e-01 -5.208590832701884210e+01 -1.228939253339945026e+00 1.057460111194072461e+00
-6.869487131706991931e+02 2.182008744464383199e-01 -5.261562743895046879e+01 -1.093943882605117324e+00 1.014758904523522354e+00
-6.523165671500755707e+02 1.785858029719520346e-01 6.296128162794047967e-01 -1.099551521840680834e+00 1.008216511743249555e+00
-8.662184243804222206e+02 2.827537194798424025e-01 -1.549885557134984992e+00 -1.183110858893996920e+00 1.001508880660959555e+00
-6.216966992448287783e+02 2.574311179754431578e-01 -4.431787814408016857e+01 -1.220082884777184518e+00 1.006464118813097386e+00
-6.523165671500755707e+02 1.785858029719520346e-01 6.296128162794047967e-01 -1.099551521840680834e+00 1.008216511743249555e+00
-9.481869659691728884e+02 2.809610937739535075e-01 1.866283496371761430e+01 -1.177438201890367964e+00 9.981023648692755046e-01
-6.159400556094915373e+02 2.678061882442079877e-01 -5.127404164198378567e+01 -1.227851904689828189e+00 1.016741394984820523e+00
-2.102959594353422290e+03 2.870074507075059955e-01 2.282910848371247994e+02 -9.988724190606035336e-01 1.055077087130959157e+00
-1.302021477228146978e+03 3.018425682544148003e-01 -1.751861924539844040e+01 -1.043246068318921971e+00 1.135590828324865242e+00
-8.489384183572983602e+02 2.452893846607366868e-01 1.553803887468529865e+01 -1.172510654779671313e+00 1.015588108416719315e+00
-4.684637542841373943e+02 1.567998106279446802e-01 -1.659500194607244339e+01 -1.061803931436429593e+00 9.870041026755256297e-01
-7.222146136506053153e+02 2.049450850216771869e-01 -1.045842760491359513e+01 -1.155012048191110807e+00 1.021722381087780462e+00
-8.280710923647711752e+02 2.390382471609200365e-01 5.888509064578101970e+00 -1.191232455106046473e+00 1.015791835869539028e+00
-6.970499438046244904e+02 2.561630520110611542e-01 -2.422025140977348201e+01 -1.215960265983085264e+00 1.005283902261806972e+00
