1.600003999960000478e-01 -6.866656368847055825e-03 7.999804416154416842e-01
2.222227777723333464e-01 8.053273551790757212e-01 3.999915407577790405e-01
9.876544444344445561e-02 6.117079775909491264e-03 7.999856951509515257e-01
1.600001999990000034e-01 -1.808276947944520560e-04 3.999942235282973879e-01
2.222231111000001202e-01 -4.526269692248153786e-01 7.999774339364746911e-01
9.876538271585186268e-02 -7.962870676774592704e-01 3.999971424718051227e-01
1.600003999960000478e-01 4.650138240514657406e-01 7.999797385803482097e-01
2.222231111000001202e-01 8.624005208309140080e-01 7.999768274582593763e-01
2.222227777723333464e-01 -3.309999472313520097e-01 3.999921617667444584e-01
1.600001999990000034e-01 4.927152206574021975e-01 3.999946940667261641e-01
2.222227777723333464e-01 -5.761910410653832137e-01 3.999925451509196983e-01
1.600003999960000478e-01 6.884315891286676425e-01 7.999800602154143458e-01
2.500000000000000000e-01 8.350692969329079896e-01 7.999718742946508865e-01
2.222231111000001202e-01 3.695484804992237304e-01 7.999775073881091325e-01
9.876544444344445561e-02 2.647860484326856612e-01 7.999857141413545536e-01
2.222227777723333464e-01 3.812584615317382575e-01 3.999919158982251921e-01
1.600003999960000478e-01 -4.273398159091080784e-01 7.999800524931348633e-01
2.500000000000000000e-01 -5.827201287344720981e-01 7.999710240480241152e-01
2.500000000000000000e-01 4.882444369162272091e-01 7.999704849058325573e-01
9.876544444344445561e-02 8.624092312652185122e-01 7.999856784707959356e-01
9.876538271585186268e-02 -2.890050607842424742e-03 3.999973267375594999e-01
2.500000000000000000e-01 -7.039568193330579364e-04 3.999905028282618180e-01
9.876620987653085548e-02 4.499044771692061739e-01 7.999888184432261129e-01
9.876538271585186268e-02 2.308068117192130231e-01 3.999974721551737833e-01
9.876538271585186268e-02 -2.692866670773797488e-01 3.999972709666508308e-01
1.600001999990000034e-01 -8.642922150507487133e-01 3.999953488593790407e-01
1.600001999990000034e-01 4.391092434870156880e-01 3.999951198451639489e-01
2.500000000000000000e-01 4.974169330364535679e-01 3.999904540205334036e-01
2.222231111000001202e-01 -8.606169732016557550e-01 7.999772187069176255e-01
2.500000000000000000e-01 -8.642319416848239788e-01 3.999904271626707475e-01
2.500000000000000000e-01 8.654553970807160601e-01 3.999902166526817515e-01
2.500000000000000000e-01 -4.999586863201282982e-01 7.999717026887798177e-01
9.876544444344445561e-02 3.308342577523631922e-01 7.999856837146027688e-01
2.500000000000000000e-01 -5.148696091444779615e-04 7.999718080637339135e-01
1.600022799996399792e-01 -6.094878664575918981e-01 7.999825447386370580e-01
2.222231111000001202e-01 -4.043301425626222648e-03 7.999785549851863298e-01
1.600001999990000034e-01 -4.452221037979938734e-01 3.999954963790161022e-01
2.222227777723333464e-01 -2.028306533584314005e-03 3.999914814117159767e-01
9.876538271585186268e-02 2.847711232792895508e-01 3.999970323401091932e-01
2.500000000000000000e-01 -4.864760319057748750e-01 3.999903739392260960e-01
