1.600003999960000478e-01 -6.926576804838439211e-03 7.999804416154416842e-01
2.222227777723333464e-01 8.656802268346921458e-01 3.999915407577790960e-01
9.876544444344445561e-02 -1.081952157009082212e-02 7.999856951509515257e-01
1.600001999990000034e-01 -3.426710799836882402e-03 3.999942235282973324e-01
2.222231111000001202e-01 -5.028345479553328889e-01 7.999774339364746911e-01
9.876538271585186268e-02 -8.673114765919343050e-01 3.999971424718051227e-01
1.600003999960000478e-01 4.946469037087536380e-01 7.999797385803482097e-01
2.222231111000001202e-01 8.651868883463965654e-01 7.999768274582593763e-01
2.222227777723333464e-01 -5.013030736797722264e-01 3.999921617667444584e-01
1.600001999990000034e-01 4.972929393046101043e-01 3.999946940667261641e-01
2.222227777723333464e-01 -8.665752400610804429e-01 3.999925451509196983e-01
1.600003999960000478e-01 8.643443960282590766e-01 7.999800602154144569e-01
2.500000000000000000e-01 8.657743542462882358e-01 7.999718742946508865e-01
2.222231111000001202e-01 4.977480609359491992e-01 7.999775073881092435e-01
9.876544444344445561e-02 -5.077315328567086894e-01 7.999857141413545536e-01
2.222227777723333464e-01 4.986519566971611139e-01 3.999919158982252476e-01
1.600003999960000478e-01 -5.054808319884130929e-01 7.999800524931348633e-01
2.500000000000000000e-01 -8.664518699882849395e-01 7.999710240480241152e-01
2.500000000000000000e-01 4.993839727012466256e-01 7.999704849058325573e-01
9.876544444344445561e-02 8.633496915453678922e-01 7.999856784707958246e-01
9.876538271585186268e-02 -5.326141526480330200e-03 3.999973267375595554e-01
2.500000000000000000e-01 -7.164422121011803377e-04 3.999905028282618180e-01
9.876620987653085548e-02 4.918404704625964907e-01 7.999888184432260019e-01
9.876538271585186268e-02 8.646855399053036129e-01 3.999974721551737833e-01
9.876538271585186268e-02 -5.039352244091686028e-01 3.999972709666508308e-01
1.600001999990000034e-01 -8.669348694071107309e-01 3.999953488593790407e-01
1.600001999990000034e-01 8.651350874051375595e-01 3.999951198451639489e-01
2.500000000000000000e-01 4.998986966427682033e-01 3.999904540205334036e-01
2.222231111000001202e-01 -8.672021953653085147e-01 7.999772187069176255e-01
2.500000000000000000e-01 -8.661391313770366862e-01 3.999904271626706920e-01
2.500000000000000000e-01 8.659865853716827155e-01 3.999902166526817515e-01
2.500000000000000000e-01 -5.008925831918832339e-01 7.999717026887798177e-01
9.876544444344445561e-02 -8.685086872477879583e-01 7.999856837146028798e-01
2.500000000000000000e-01 -1.232180306928660693e-03 7.999718080637339135e-01
1.600022799996399792e-01 -8.678771031117930024e-01 7.999825447386369470e-01
2.222231111000001202e-01 -4.094052218718805154e-03 7.999785549851863298e-01
1.600001999990000034e-01 -5.026548181856410613e-01 3.999954963790161022e-01
2.222227777723333464e-01 -2.038733684676984851e-03 3.999914814117159212e-01
9.876538271585186268e-02 4.959760790784150664e-01 3.999970323401091932e-01
2.500000000000000000e-01 -5.005924941611756829e-01 3.999903739392261515e-01
