-1.069845175021910109e+02 6.382293129081517691e-02 -2.716990241378732662e+01 -1.886648220369124829e-01 9.864394508860199196e-01
-2.253425965880305739e+02 6.836115445094037568e-02 2.942959521440116077e-01 -2.645855082529351421e-01 1.001436552780374356e+00
-5.902868187031708658e+01 4.250352986252892151e-02 -2.826643357282750912e+01 -1.183223148769911859e-01 9.648988207934241501e-01
-1.454577431815851014e+02 3.596117146196320391e-02 2.270132400569309539e+00 -1.721411083425437027e-01 9.862281548498934569e-01
-1.492707016039494192e+02 4.668867361681350303e-02 6.423830185640326818e-01 -2.601619039027127656e-01 9.821607206700191384e-01
-6.501359059795504436e+01 1.658093130220095190e-02 -2.451301358383943807e-01 -1.026569418294229763e-01 9.679233846333978875e-01
-2.353057045545137953e+02 5.183509071036951354e-02 1.161829138431141928e+01 -1.877065431319806521e-01 9.744744819598238905e-01
-3.335176112838671543e+02 6.833101113932116277e-02 2.864485505330526394e+01 -2.368845204977105823e-01 1.002531497253940529e+00
-1.474979643282567849e+02 5.411230804952538165e-02 -7.113799261298709098e+00 -2.560286852782382994e-01 9.982840148567122540e-01
-1.656096614946727641e+02 4.619899905549118557e-02 -2.646956629810119921e+00 -1.831936334006059042e-01 9.993219999050886315e-01
-1.458601868814585032e+02 4.517201202452270081e-02 -8.298351191839401508e-01 -2.523042541689619611e-01 9.977183397298272638e-01
-2.914687689274287550e+02 6.942618715629578219e-02 1.156424576520748815e+01 -1.898648430477578586e-01 9.865618968325380322e-01
-2.862242270547285443e+02 7.581368589762860211e-02 1.449181602679732350e+01 -2.826326797655838163e-01 9.909416495545553261e-01
-2.671062149388890248e+02 6.127382552142535133e-02 1.679084181970961254e+01 -2.690994366806762628e-01 9.873065697800047502e-01
-7.211580441064143088e+01 1.079954724286835699e-02 4.296922498794288003e+00 -1.052712602325982516e-01 8.740825522422044358e-01
-2.090763413659442449e+02 6.224380867286072316e-02 1.239824424408084269e+00 -2.604879795894703420e-01 9.971328185352632545e-01
-8.292508802785596345e+01 3.763473465892275271e-02 -1.317314106205014923e+01 -1.772784796839914634e-01 9.625741653845309997e-01
-1.282939400369650684e+02 6.144482307627185946e-02 -1.576861011421078729e+01 -3.082114089944525404e-01 1.007534067647087639e+00
-2.389444228188367561e+02 8.082273614058976818e-02 -4.741462756189775973e-01 -2.848972013249522206e-01 9.892981812854451107e-01
-2.742966068833484314e+02 4.691227471573711227e-02 1.312090949184539568e+01 -1.093952334977075225e-01 9.921706634338320896e-01
-8.832113017521623988e+01 2.661963024036140268e-02 -6.720271686618161766e+00 -1.142764327563554616e-01 9.917072871958314551e-01
-1.908409402240067720e+02 6.868473028714561224e-02 -4.977218481442150733e+00 -2.975064008553545136e-01 9.988742870588076528e-01
-2.078821366436313838e+02 2.492829176264876878e-02 1.494050540978571462e+01 -1.159275736827112269e-01 9.821201902275440432e-01
-1.749345512124273228e+02 2.638594263237337145e-02 9.205008740951029722e+00 -9.533274717091444472e-02 9.750885020048922769e-01
-6.695261497060710099e+01 2.187005346775094949e-02 -5.712828243851049592e+00 -1.070183249802312275e-01 9.782425525035076674e-01
-1.045009298595687142e+02 2.855130743580502894e-02 1.668555362028882882e-01 -1.752938182905836584e-01 9.961709172974506643e-01
-1.960690953836747212e+02 4.846955267214525520e-02 1.651845198947739846e+00 -1.789891478289291626e-01 9.946607917932350773e-01
-2.161454470154712908e+02 7.109789653793541220e-02 -6.624482656046666307e-01 -2.945021620071202051e-01 9.968563315723564244e-01
-1.357908944423834328e+02 3.417987809757505602e-02 6.494991635572773703e+00 -2.399495938390145966e-01 9.840172100505331088e-01
-1.552649466000584653e+02 6.448234074230185797e-02 -1.118078864261258332e+01 -3.047054390668790802e-01 1.005148975488616259e+00
-2.368639866360754240e+02 7.042364653034383082e-02 4.544566502409452369e+00 -2.939057278967993625e-01 9.965310757941630015e-01
-1.514406704591674497e+02 6.892995155283188069e-02 -1.442782256437430988e+01 -3.025451667076595186e-01 9.999290590485712116e-01
-3.901288094147457741e+01 1.492871657046634937e-02 -3.380784134905297833e+00 -1.105210561644298650e-01 1.073910787131659106e+00
-2.116262283654796192e+02 6.213154254191977088e-02 3.407678734091746264e+00 -2.877484598302544327e-01 9.917114991282502956e-01
-7.177443873726588208e+01 2.622176217028027168e-02 -4.439984784915736782e+00 -1.678611837335211021e-01 9.643137620157204992e-01
-2.312613943283067783e+02 3.607486722012254177e-02 2.712634242496119441e+01 -2.627485521105654698e-01 9.822792153432073903e-01
-1.143248844955960521e+02 3.319086191152109677e-02 -2.346585944482285413e+00 -1.838705128557194257e-01 9.975841899867177176e-01
-1.831201897697756067e+02 5.383800156960205641e-02 7.363331973400590869e-01 -2.615445360572721256e-01 9.977277808279074733e-01
-1.269900126298743999e+02 2.885418771381864644e-02 -2.446466608035166246e+00 -1.066283872635267471e-01 9.919654202597083525e-01
-1.737738694874860812e+02 6.440795229605100758e-02 -6.344858285341956616e+00 -3.030560524142629220e-01 1.001740323235566166e+00
