6.014243138752427796e-03 8.921792121918956653e-01 1.203688759383044538e+00 1.417258864232560089e-01
7.523417230152589820e-03 9.259852563311019580e-01 1.272730682003220259e+00 2.067262979657424893e-02
4.084843247088175769e-03 9.660903756851293434e-01 1.310889491283569130e+00 1.990251120454336053e-01
5.973818458956065523e-03 8.782592506735281690e-01 1.263012523737998993e+00 4.059475010704360898e-02
7.405166680385982282e-03 8.284936335306671840e-01 1.269669788064185401e+00 4.274112657527795456e-02
4.102034474542346452e-03 8.242531661281166100e-01 1.274577262059849891e+00 2.061915909676237391e-02
6.393985292600426126e-03 9.258480632335084337e-01 1.192367101609001834e+00 1.380554249559013957e-01
7.325650362427864153e-03 9.708575763447224727e-01 1.240434503460844162e+00 3.502747646857606867e-02
7.335925673584067948e-03 8.703332079321843828e-01 1.277604202880337159e+00 2.238546793889684139e-03
6.177393544977427542e-03 9.003628596414797736e-01 1.269110095477419708e+00 3.317542220931701813e-02
7.196564876776557519e-03 8.603042787624826104e-01 1.283997641905726628e+00 -1.340533654786768558e-02
6.365030764342828433e-03 9.556729248349443706e-01 1.183288926568921706e+00 1.408710456568356140e-01
8.213931859543627950e-03 9.355453549138909031e-01 1.277219569085332740e+00 1.139255952795736881e-02
7.449563011261022688e-03 9.307817596556613449e-01 1.216027144542587202e+00 9.888121430610219420e-02
3.592332165080298553e-03 9.278954822022897897e-01 1.312508672723659675e+00 -6.267828393281671406e-02
7.571170959482700219e-03 9.035139389213988625e-01 1.265403511219917121e+00 3.267807598978023087e-02
5.499125169134759690e-03 8.620655070083862448e-01 1.244373828695428674e+00 9.134661645218455917e-02
7.728977917607432468e-03 8.684765074925995254e-01 1.281462782803761025e+00 -1.461322445095547540e-02
8.331258804844622612e-03 9.155839205490392541e-01 1.270515470852101592e+00 1.705085330388733666e-02
5.155536781549472335e-03 9.865726829510998996e-01 1.260269806053376351e+00 6.961748649305365966e-02
4.334471710627011559e-03 9.078505508211285324e-01 1.253080823600129845e+00 6.999951084296540671e-02
8.010449612727536459e-03 9.051654690444346230e-01 1.274693143554131325e+00 9.533124019416527872e-03
4.622955685758049077e-03 9.525279501638608259e-01 1.162200159361934215e+00 2.051565362685374705e-01
4.812315852214616753e-03 9.285354964720127224e-01 1.240724028816068580e+00 1.322330479613686993e-01
4.097182092496207302e-03 8.894902264316175700e-01 1.259688510185597021e+00 3.106028780723013583e-02
5.694054761812049684e-03 8.334975024286415124e-01 1.275357918856051986e+00 2.313590418183353314e-02
6.321732306867108159e-03 9.115481393201843030e-01 1.252441961083751165e+00 8.311037137415544507e-02
8.072429288123621205e-03 9.141502639431359212e-01 1.275958116392992947e+00 8.213439377400932884e-03
6.974006444300962816e-03 8.358263772439058492e-01 1.279585664872030515e+00 1.804704038346760520e-02
7.873568865920128196e-03 8.866863049856427148e-01 1.274982043155069134e+00 7.844352779198482395e-03
8.024089858780846657e-03 9.267424706825013736e-01 1.277796722582547950e+00 6.024626256170506622e-03
8.033611213050174255e-03 8.690964262210401081e-01 1.271060261066613739e+00 1.910952814210853390e-02
4.047164163419657811e-03 7.530899838775007016e-01 1.339273052905611827e+00 -2.186023317814904665e-01
7.954057111477692149e-03 9.215159914824833098e-01 1.270256068764815893e+00 2.130282932627336479e-02
5.202109459769689234e-03 8.405366506729355924e-01 1.270693181370290858e+00 2.687100597427383164e-03
7.265038036208738836e-03 9.084486814703940372e-01 1.253430401657845028e+00 7.278258631295964065e-02
5.818721633701919721e-03 8.520317269078823141e-01 1.270982278980106628e+00 3.247069334288155140e-02
7.294068157104862879e-03 8.999516916501228980e-01 1.271878560412137649e+00 2.250564719867864660e-02
4.667790536970852985e-03 8.878743015851225939e-01 1.261717935501468491e+00 7.837792472289972778e-02
7.868817651911972494e-03 8.975739573812435701e-01 1.274411119992039598e+00 9.374793099186762291e-03
